NOTE:  These numbers may change.  For the latest versions, please look at
the WWW page:
http://www.engin.umich.edu/~dholmes/post.html

	                                 Det. Equiv.
Problem    Stages  Scen/Stage  Rows   Columns  Total Scen. Opt. Obj. Value
-------------------------------------------------------------------------
PLTEXP
pltexpA2_6    2       6         686     1856         6        -9.479354
pltexpA2_16   2      16        1726     4636        16        -9.663308
pltexpA3_6    3       6        4430    11864        36       -13.969368
pltexpA3_16   3      16       28350    75804       256       -14.267458
pltexpA4_6    4       6       26894    71912       216       -19.599417
pltexpA4_16   4      16      454334  1214492      4096       -18.849337
pltexpA5_6    5       6      161678   432200      1296       -23.214073
pltexpA6_6    5       6      970382  2593928      7776       -28.134408
pltexpB3_6    3     6+1+1                            6       -13.643226
pltexpB4_6    3     6+1+1+1                          6       -17.928191
pltexpB5_6    3     6+1+1+1+1                        6       -23.846166
-------------------------------------------------------------------------
SCFXM
fxm2.6        2       6         780     1047         6      18416.686
fxm2.16       2      16        1680     2227        16      18416.655
fxm3.6        3       6        4020     5295        36      18615.932
fxm3.16       3      16       24720    32435       256      18438.891
fxm4.6        4       6       23460    30783       216      18616.224
fxm4.16       4      16      393360   515763      4096      18438.891
-------------------------------------------------------------------------
STORM
stormG2.8      2       8        2985    11456         8      15535231.897
stormG2.27     2      27        9635    37809        27      15508982.306
stormG2.125    2     125       43935   173735       125      15512090.180
stormG2.1000   2    1000      350185  1387360      1000      15802589.698
-------------------------------------------------------------------------
SGPF
sgpf3y3       3       5        1220     1595        25        -2967.917
sgpf3y4       4       5        6097     7974       125        -3994.198
sgpf3y5       5       5       30487    39868       625        -5172.165
sgpf3y6       6       5      152434   199341      3125        -6463.323
sgpf5y3       3       5        1282     1342        25        -3027.706
sgpf5y4       4       5        5657     5726       125        -4031.391
sgpf5y5       5       5       24407    24476       625        -5201.282
sgpf5y6       6       5      246178   308733      3125        -6403.3

